0.000000000000000000e+00 1.000000000000000000e+00
1.000000000000000000e+00 9.499999999999999556e-01
1.899999999999999911e+00 8.049999999999999378e-01
2.609999999999999876e+00 5.794999999999999041e-01
3.058999999999999719e+00 2.960499999999999243e-01
3.202099999999999724e+00 -1.700500000000007561e-02
3.024989999999999846e+00 -3.283595000000000819e-01
2.545380999999999894e+00 -6.068780500000000577e-01
1.811233899999999952e+00 -8.247087950000000500e-01
8.959634099999999046e-01 -9.600686605000000595e-01
-1.089034210000000558e-01 -9.994216599499999854e-01
-1.102879909899999955e+00 -9.388324934049999682e-01
-1.986568407809999881e+00 -7.843600775194998764e-01
-2.671600064938999708e+00 -5.514516538820498637e-01
-3.089471715574099608e+00 -2.633980648563949423e-01
-3.198396194651789592e+00 5.099533065489952888e-02
-2.987481054264300440e+00 3.602891931007040638e-01
-2.477817808450381243e+00 6.335541362364381923e-01
-1.720372781791423833e+00 8.434636657485284905e-01
-7.908904769533241508e-01 9.690268286857659508e-01
2.176808755801079576e-01 9.976873087544266827e-01
1.204484140555529326e+00 9.265790579476448352e-01
2.070838991475397961e+00 7.628129013460984709e-01
2.730109943247726711e+00 5.227654546099421706e-01
3.116369900695282524e+00 2.304414624127916755e-01
3.190992868073310174e+00 -8.492667602563797047e-02
2.946516548644006583e+00 -3.918021468615038305e-01
2.407388574350302513e+00 -6.594974030112192853e-01
1.627521742621568013e+00 -8.612429188598127450e-01
6.849027366306768005e-01 -9.768641428224250634e-01
-3.262065430232821139e-01 -9.947989525027948199e-01
-1.304695168374912839e+00 -9.132538669328851277e-01
-2.152714276889052591e+00 -7.403833946696869450e-01
-2.785461957714287173e+00 -4.934745829395199568e-01
-3.139663442768092949e+00 -1.972183129154009007e-01
-3.179898583545089252e+00 1.187597884002582205e-01
-2.902143865967576453e+00 4.228619108758915335e-01
-2.334174761793306185e+00 6.846778422639356876e-01
-1.532788181439705077e+00 8.780259894255862951e-01
-5.781227829421334841e-01 9.835715376446783065e-01
4.343548938496514245e-01 9.907599320993023539e-01
1.403397081256471335e+00 8.988723333439961882e-01
2.232099560537643690e+00 7.170975012542903926e-01
2.837592083765051676e+00 4.636129190391555799e-01
3.159325398615954406e+00 1.637670449201052147e-01
3.165126173605262050e+00 -1.524555336909556302e-01
2.854414331234043090e+00 -4.534325589329208928e-01
2.258261055739420264e+00 -7.090663282815941049e-01
1.436281674670855102e+00 -8.937934648021079731e-01
4.706741261352043182e-01 -9.891412548424109996e-01
-5.420008350139668973e-01 -9.855749193984728596e-01
-1.500475712661741401e+00 -8.834510920146874113e-01
-2.308903019043341942e+00 -6.929821554294331998e-01
-2.886440023520608023e+00 -4.332150033012356349e-01
-3.175333025645813212e+00 -1.301263508429145177e-01
-3.146692725206436947e+00 1.859749366996980013e-01
-2.803383152246416987e+00 4.834787305723406980e-01
-2.179735264061755551e+00 7.326346513877493027e-01
-1.338113849470918382e+00 9.085271070643829994e-01
-3.626810499329894411e-01 9.935668520345783961e-01
6.490198545982385214e-01 9.792499118013160420e-01
1.595818773669642532e+00 8.670079803879220393e-01
2.383035815374082489e+00 6.680652509357358770e-01
2.931949275541114286e+00 4.023159963899760605e-01
3.187667808154034610e+00 9.633514220521857685e-02
3.124619559951551384e+00 -2.192792262000607395e-01
2.749109355753913242e+00 -5.129656719853339375e-01
2.098688215980883509e+00 -7.553555505720738195e-01
1.238398254609765381e+00 -9.222098741016062640e-01
2.542684677776708702e-01 -9.968432102209781043e-01
-7.552881658321907166e-01 -9.717922253182520453e-01
-1.689315982858833110e+00 -8.495620178837008929e-01
-2.454412201599592613e+00 -6.423756086607796956e-01
-2.974067200180392945e+00 -3.709516385717804843e-01
-3.196315478743153804e+00 -6.243250462560312464e-02
-3.098932209431599194e+00 2.523298797831345919e-01
-2.691655719176884620e+00 5.418592762135587826e-01
-2.015213657004481629e+00 7.772027450226270950e-01
-1.137250229131630430e+00 9.348259393294326980e-01
-1.455617783456162329e-01 9.989665397032949645e-01
8.606828502749594989e-01 9.632104861068278012e-01
1.780859193868039370e+00 8.311333838996779466e-01
2.522949618074315392e+00 6.159429433025602751e-01
3.012745080473159920e+00 3.391582083751865095e-01
3.201266034824688411e+00 2.845765261029406523e-02
3.069660385693747884e+00 -2.850886684156277440e-01
2.631088697993432923e+00 -5.701261225999868509e-01
1.929408140493774404e+00 -7.981509645243471951e-01
1.034786768944738533e+00 -9.463607099962727531e-01
3.668672050122889772e-02 -9.999343844685710803e-01
-9.650819999924036274e-01 -9.535146204940123660e-01
-1.870342520486795834e+00 -8.117433944700523929e-01
-2.588568788932508191e+00 -5.887978289990871694e-01
-3.047938178484970173e+00 -3.069724806282132512e-01
-3.202513750188934694e+00 5.550115805482008779e-03
-3.036837946874006100e+00 3.175177006586290540e-01
-2.567478348871676808e+00 5.977335154459132438e-01
-1.841370915982179834e+00 8.181759786886060315e-01
-9.311263914944647446e-01 9.568008440624383715e-01
7.223077214269690849e-02 9.997456250300268410e-01
1.068364858565588937e+00 9.427158434946125709e-01
1.957662459131922050e+00 7.914144776097370437e-01
2.651193813785063025e+00 5.609716639638877567e-01
3.079605787059697786e+00 2.744316839216496828e-01
3.200057181628362724e+00 -3.955146451275337594e-02
3.000502858034191256e+00 -3.495794664958811193e-01
2.500898248636600485e+00 -6.246495218294206841e-01
1.751203814375349666e+00 -8.372546249800182361e-01
8.263889986765639017e-01 -9.661342656326139533e-01
-1.810647168898783521e-01 -9.984004797219483418e-01
-1.170411960767332893e+00 -9.308266458390878073e-01
-2.042718008568054078e+00 -7.701701473723184810e-01
-2.710752255511970077e+00 -5.324966341683172733e-01
-3.107711276904688624e+00 -2.415734575474843271e-01
-3.193899170606938398e+00 7.350706482809704623e-02
-2.960697147248494421e+00 3.812368807208686983e-01
-2.431425409165201224e+00 6.508430085415535249e-01
-1.659011130165387593e+00 8.553648355080829546e-01
-7.206957381490353143e-01 9.743501789238040445e-01
2.896892276822204959e-01 9.959005044471447299e-01
1.271105270745254145e+00 9.178607795257709423e-01
2.125410786733762158e+00 7.480349766518201715e-01
2.767175224048894044e+00 5.034056761126873836e-01
3.132222138959136704e+00 2.084358079622858073e-01
3.184046839973465826e+00 -1.073776409843443524e-01
2.917466856990448054e+00 -4.124533258325400742e-01
2.359140188308385788e+00 -6.762836780974817996e-01
1.564899500795484677e+00 -8.724856625526753451e-01
6.141688632030350981e-01 -9.814390807526013338e-01
-3.979786607097179907e-01 -9.922485908772671337e-01
-1.370328318551499169e+00 -9.038332419142062202e-01
-2.205645144538130431e+00 -7.250345687597247180e-01
-2.820397456070948827e+00 -4.737324387292707328e-01
-3.153110021996671897e+00 -1.750570648258896744e-01
-3.170511585722727954e+00 1.411240155600803625e-01
-2.870861990876511172e+00 4.431926943900423854e-01
-2.284126196942643183e+00 7.009421037810001920e-01
-1.468977783314510788e+00 8.885973027938579571e-01
-5.069315913549272690e-01 9.873927715273298489e-01
5.058077597401489101e-01 9.874489631080687335e-01
1.467966334861210198e+00 8.887602583780007670e-01
2.283328276496150444e+00 7.011955278101327238e-01
2.870357390481475868e+00 4.435112444612513971e-01
3.170350765418653349e+00 1.414758366662449141e-01
3.153309063813965807e+00 -1.747071547953860660e-01
2.820936455827881328e+00 -4.734194307774784449e-01
2.206470202259009028e+00 -7.247897636818230183e-01
1.371356928464235514e+00 -9.036811202179853009e-01
3.991079618230384263e-01 -9.922043647323489646e-01
-6.130518010004624152e-01 -9.815071727734777651e-01
-1.563906383723917104e+00 -8.726592635372588669e-01
-2.358370328074980371e+00 -6.765454279473139820e-01
-2.916997239618545290e+00 -4.127770495626376102e-01
-3.183924427200255813e+00 -1.077309662216975050e-01
-3.132459172061940578e+00 2.080882137414123423e-01
-2.767747999717431018e+00 5.030985723303809110e-01
-2.126262027401178756e+00 7.477990736863113774e-01
-1.272149852344808485e+00 9.177196676736106840e-01
-2.908226920539573879e-01 9.958682948935489998e-01
7.195867374422895146e-01 9.744300926241323824e-01
1.658037493194307377e+00 8.555488810923024268e-01
2.430684499626894368e+00 6.511127814512422951e-01
2.960263056096791967e+00 3.815654036650579783e-01
3.193815306957010325e+00 7.386148551236784709e-02
3.107986027121527606e+00 -2.412285811915590716e-01
2.711358144573892126e+00 -5.321957897763300860e-01
2.043594447568867434e+00 -7.699434193834681084e-01
1.171471305806955909e+00 -9.306967070522593755e-01
1.822010334643486829e-01 -9.983803240158246606e-01
-8.252893422246934119e-01 -9.662259085778074352e-01
-1.750250783691266188e+00 -8.374489022820095219e-01
-2.500187146788712234e+00 -6.249270057580106341e-01
-3.000104795207287012e+00 -3.499124086582106052e-01
-3.200011964105133444e+00 -3.990657069258954359e-02
-3.079917936592466265e+00 2.740899243422905140e-01
-2.651832115420552416e+00 5.606774269429415369e-01
-1.958563082706583192e+00 7.911971868492984061e-01
-1.069437741721955604e+00 9.425972280707253237e-01
-7.336862656513254421e-02 9.997375464850797311e-01
9.300373512482038585e-01 9.569041102509262542e-01
1.840439593936719964e+00 8.183802629916800964e-01
2.566797877231564051e+00 5.980183894332659067e-01
3.036476372803251778e+00 3.178546769315251375e-01
3.202507231094614326e+00 5.905496736631821175e-03
3.048287366276515531e+00 -3.066342331319247272e-01
2.589238764830764872e+00 -5.885105396872888361e-01
1.871266286901937637e+00 -8.115357922739240282e-01
9.661671802829167044e-01 -9.534074656331668063e-01
-3.554864436439586495e-02 -9.999383924290927705e-01
-1.033709604575268948e+00 -9.464754799821095688e-01
-1.928499604328615114e+00 -7.983650195369154101e-01
-2.630439643649099768e+00 -5.704180571380296216e-01
-3.069335718604674135e+00 -2.854292890253408710e-01
-3.201298221699781177e+00 2.810240798988192235e-02
-3.013130902624910235e+00 3.388238642061165429e-01
-2.523650493287548091e+00 6.156629340017394370e-01
-1.781805034621431361e+00 8.309357103971883873e-01
-8.617790724931714275e-01 9.631149157529185212e-01
1.444247968844055707e-01 9.989826295333567030e-01
1.136186186573541868e+00 9.349520803604592922e-01
2.014328957605323822e+00 7.774263231515159411e-01
2.691038832876573750e+00 5.421579336274210403e-01
3.098644824860166125e+00 2.526737507405840688e-01
3.196386334357741887e+00 -6.207780722031133736e-02
2.974489210419543284e+00 -3.706215844591755904e-01
2.455143165439390707e+00 -6.421032032521223343e-01
1.690282803915298837e+00 -8.493745017198568448e-01
7.563941619996770171e-01 -9.717083500156056264e-01
-2.531338961159124157e-01 -9.968713633097938676e-01
-1.237348564619910718e+00 -9.223472402730027442e-01
-2.097828376661917904e+00 -7.555883932089112465e-01
-2.748525351037732989e+00 -5.132707068239286130e-01
-3.124369790309774686e+00 -2.196259497565531682e-01
-3.187777250550839270e+00 9.598140228647755734e-02
-2.932406985736819571e+00 4.019906141008605105e-01
-2.383796022349118360e+00 6.678007645051573515e-01
-1.596805456726505090e+00 8.668308384589384907e-01
-6.501343454312413783e-01 9.791778285668257809e-01
3.615502004071464714e-01 9.936070358180305595e-01
1.337079726204819741e+00 9.086755394874322933e-01
2.178901279382011058e+00 7.328764892080907867e-01
2.802832704621001092e+00 4.837897900079402014e-01
3.146480859397891017e+00 1.863241118069955959e-01
3.175480928234992284e+00 -1.297739775746485913e-01
2.886932904248594056e+00 -4.328946691988279083e-01
2.309691589837336245e+00 -6.927258939031244456e-01
1.501481116442344943e+00 -8.832845292171085383e-01
5.431225314031191687e-01 -9.855147116093817550e-01
-4.695483067764185670e-01 -9.891934228407167629e-01
-1.435264314278314357e+00 -8.939527917879800389e-01
-2.257453890352378423e+00 -7.093168815564453444e-01
-2.853898077391204602e+00 -4.537492831692661599e-01
-3.164952456690910410e+00 -1.528067564651603982e-01
-3.159511590321525176e+00 1.634164458854613922e-01
-2.838119564919987514e+00 4.632980036475370378e-01
-2.232915583026451323e+00 7.168497610448589796e-01
-1.404420042830269777e+00 8.987165423376950457e-01
-4.354824983510612313e-01 9.907116693967615850e-01
5.770032959632533931e-01 9.836356295161519103e-01
1.531788760681242589e+00 8.781960266839270446e-01
2.333395349331107482e+00 6.849368211833095632e-01
2.901662403047861716e+00 4.231839335643611255e-01
3.179763216459829955e+00 1.191126525889765198e-01
3.139887708225814755e+00 -1.968698936453057158e-01
2.786023429169218524e+00 -4.931654505150573908e-01
2.153556807195700085e+00 -7.401444623333033324e-01
1.305734504502611859e+00 -9.131090279182189073e-01
3.273387513592623810e-01 -9.947626907113126249e-01
-6.837908769200132797e-01 -9.769400844332749578e-01
-1.626541417507287424e+00 -8.614234697119098616e-01
-2.406637816343832892e+00 -6.597645080193538236e-01
-2.946070433545995293e+00 -3.921290955248624144e-01
-3.190896007393558165e+00 -8.528077347788473594e-02
-3.116631980501765042e+00 2.300956259168814300e-01
-2.730704755559795416e+00 5.224624627199594418e-01
-2.071707055061846159e+00 7.625830532510415871e-01
-1.205538649057712242e+00 9.264453384570194849e-01
-2.188163781478071890e-01 9.976630898172954565e-01
7.897875305768786713e-01 9.691145321958418712e-01
1.719412686243876554e+00 8.436545213548040101e-01
2.477096573286486692e+00 6.338290583782857368e-01
2.987070803000448027e+00 3.606206895639388899e-01
3.198337952414364693e+00 5.135025179319821498e-02
3.089771306586844624e+00 -2.630552111568622564e-01
2.672227530100640180e+00 -5.511551529912365188e-01
1.987461000604371586e+00 -7.841395795264871627e-01
1.103948371047665855e+00 -9.387100481090889792e-01
1.100409043861936276e-01 -9.994095118807818645e-01
-8.948706527138978739e-01 -9.601680244643966411e-01
-1.810295144542599655e+00 -8.249097346015717980e-01
-2.544690121917041470e+00 -6.071604712785897418e-01
-3.024616087099778916e+00 -3.286951608277487447e-01
-3.202080443572538737e+00 -1.736033429413283424e-02
-3.059336755688044640e+00 2.957105256688963291e-01
-2.610659392234746079e+00 5.792103330650358872e-01
-1.900916089557972866e+00 8.047891071546718900e-01
-1.001081177925402299e+00 9.498889705288406926e-01
-1.138148500291480403e-03 9.999999368501253372e-01
9.989186957748483753e-01 9.501109094863974258e-01
1.899083670472503371e+00 8.052107911740298274e-01
2.609340278122908252e+00 5.797895937442592018e-01
3.058662857961022219e+00 2.963894369400625894e-01
3.202119152003033875e+00 -1.664966355814023746e-02
3.025363530844741966e+00 -3.280237977005290295e-01
2.546071556601975594e+00 -6.065955520728649741e-01
1.812172426699011796e+00 -8.245077512379144213e-01
8.970560541261467513e-01 -9.599691752791723598e-01
-1.077659238593329238e-01 -9.994336817925130179e-01
-1.101811309458879284e+00 -9.389548201266023630e-01
-1.985675564112537650e+00 -7.845804764480315274e-01
-2.670972262354942117e+00 -5.517480851246575613e-01
-3.089171734361852550e+00 -2.637408852888177835e-01
-3.198454032932577462e+00 5.064040307590375600e-02
-2.987890928210044983e+00 3.599576511330349060e-01
-2.478538730666508094e+00 6.332791340768625377e-01
-1.721332660056320130e+00 8.432727036130039933e-01
-7.919933234405001077e-01 9.689390027878450606e-01
2.165453455193699916e-01 9.977114016839015997e-01
1.203429479927303092e+00 9.267126604115679678e-01
2.069970666342506149e+00 7.630426530980775057e-01
2.729514786123458325e+00 5.230683804747792154e-01
3.116107427292064358e+00 2.307872698040030202e-01
3.191089325731464310e+00 -8.457256784717342990e-02
2.946962291597717609e+00 -3.914751487136325370e-01
2.408139028304199236e+00 -6.592302147087283348e-01
1.628501862180260940e+00 -8.610622592329513214e-01
6.860145098382965934e-01 -9.767880778338792203e-01
-3.250742934874975010e-01 -9.948350886514192304e-01
-1.303655667464541867e+00 -9.133985906038172287e-01
-2.151871474695131958e+00 -7.406222334958334486e-01
-2.784900134456208765e+00 -4.937836530382663236e-01
-3.139438780771664383e+00 -1.975667072768726162e-01
-3.180033549009953830e+00 1.184069092122083111e-01
-2.902624962347247983e+00 4.225398347800684018e-01
-2.334953879449817027e+00 6.844187768699216967e-01
-1.533787408607404590e+00 8.778558412727828220e-01
-5.792421969042514940e-01 9.835073215483656206e-01
4.332272344893267624e-01 9.908080696691119460e-01
1.402373942433972509e+00 8.990280108229470324e-01
2.231283256135220938e+00 7.173451508944873600e-01
2.837064244222947451e+00 4.639277758765789073e-01
3.159138807888378864e+00 1.641176232710125638e-01
3.165299490764972301e+00 -1.521042916616550111e-01
2.854930224565068730e+00 -4.531157774281570627e-01
2.259067935908658065e+00 -7.088156854518433692e-01
1.437298853661381770e+00 -8.936340249303453831e-01
4.717998860479672985e-01 -9.890889619158128587e-01
-5.408790701702439474e-01 -9.856350027096990596e-01
-1.499470119371430821e+00 -8.836175432326153212e-01
-2.308114156635474590e+00 -6.932383294322700396e-01
-2.885946778235970900e+00 -4.335352826886977873e-01
-3.175184722012870164e+00 -1.304787076762557452e-01
-3.146904193588482279e+00 1.856257381038118881e-01
-2.803933245805246166e+00 4.831676100734982882e-01
-2.180568973441485703e+00 7.323927210358348594e-01
-1.339147803733576669e+00 9.083785598945879336e-01
-3.638118536523099467e-01 9.935265427638821922e-01
6.479052817941878262e-01 9.793218713567883871e-01
1.594831889061266939e+00 8.671850128140156100e-01
2.382275307422219157e+00 6.683296529898412608e-01
2.931491195040949460e+00 4.026413278666828299e-01
3.187557963155584595e+00 9.668886995685610497e-02
3.124868934954661448e+00 -2.189324749486562249e-01
2.749693013258271979e+00 -5.126605723593029573e-01
2.099547790236055533e+00 -7.551226125340193551e-01
1.239447788190233268e+00 -9.220723914553338174e-01
2.554030073253877875e-01 -9.968149312311148647e-01
-7.541820742719965720e-01 -9.718759778837845476e-01
-1.688348948442181197e+00 -8.497494267480756314e-01
-2.453680927768147946e+00 -6.426479329375591742e-01
-2.973644814317299989e+00 -3.712816458332868219e-01
-3.196244219434722034e+00 -6.278719414568570412e-02
-3.099219202608671786e+00 2.519859769564840035e-01
-2.692272265521754360e+00 5.415605503630053219e-01
-2.016098101882661364e+00 7.769790687332260859e-01
-1.138314128055302188e+00 9.346996802301242857e-01
-1.466987414224127928e-01 9.989503237040100458e-01
8.595865193527179038e-01 9.633059348074948236e-01
1.779913128192576854e+00 8.313309524302301412e-01
2.522248424213178186e+00 6.162228748099424225e-01
3.012358877812461699e+00 3.394925097086604060e-01
3.201233443630498776e+00 2.881289363651234892e-02
3.069984665085486064e+00 -2.847480117992868820e-01
2.631737420031925012e+00 -5.698341160551574358e-01
1.930316432975171193e+00 -7.979368087055123127e-01
1.035863802620900387e+00 -9.462458204853159138e-01
3.782479200453947588e-02 -9.999302502165878792e-01
-9.639966978122754826e-01 -9.536216549262012121e-01
-1.869418517847862837e+00 -8.119508941431943239e-01
-2.587898486098664019e+00 -5.890850439458679144e-01
-3.047588605739598666e+00 -3.073106893539547801e-01
-3.202519864806573580e+00 5.194734173353865447e-03
-3.037199137392891046e+00 3.171806842833271300e-01
-2.568158496239919319e+00 5.974485659649677594e-01
-1.842302005462955528e+00 8.179715910501115239e-01
-9.322153141396962717e-01 9.566974570302441139e-01
7.109290859753270020e-02 9.997535773073523702e-01
1.067291840475008469e+00 9.428343398537253339e-01
1.956761588304983368e+00 7.916316684147257643e-01
2.650555177304459775e+00 5.612658301342536848e-01
3.079293248573490516e+00 2.747734088403561703e-01
3.200101994985172116e+00 -3.919635333757698348e-02
3.000900541898336549e+00 -3.492464801817524167e-01
2.501609034621667504e+00 -6.243719590077526638e-01
1.752156623882831443e+00 -8.370602419329776778e-01
8.274885507557121489e-01 -9.660425006649049351e-01
-1.799283774469784269e-01 -9.984205093303416545e-01
-1.169352467904971160e+00 -9.309564670627441529e-01
-2.041841311572466733e+00 -7.703967780888721917e-01
-2.710146024082715321e+00 -5.327974113061130224e-01
-3.107436134184692555e+00 -2.419183033927425897e-01
-3.193982630868200445e+00 7.315263485990208814e-02
-2.961130864464888379e+00 3.809083096265565294e-01
-2.432166011615087164e+00 6.505731534305553287e-01
-1.659984557603777500e+00 8.551806818914985397e-01
-7.218046478320900849e-01 9.742701421632918857e-01
2.885557267228062717e-01 9.959325882187560763e-01
1.270060528605422068e+00 9.180017754523447371e-01
2.124559277627495746e+00 7.482707851406988908e-01
2.766602098886819849e+00 5.037127163149830444e-01
3.131984710257461835e+00 2.087833758577689325e-01
3.184168850602357548e+00 -1.070243021852220755e-01
2.917936105887017462e+00 -4.121295500096908704e-01
2.359909750582975807e+00 -6.760218428331905560e-01
1.565892420220636350e+00 -8.723119513733711416e-01
6.152858478362334127e-01 -9.813708647762146020e-01
-3.968493093317929654e-01 -9.922926917014367465e-01
-1.369299535566640191e+00 -9.039852494565151497e-01
-2.204819808244823598e+00 -7.252792822659419603e-01
-2.819858100098524112e+00 -4.740453868487745082e-01
-3.152910581942372392e+00 -1.754069527467296552e-01
-3.170672005591983478e+00 1.407721766299881438e-01
-2.871366228682396216e+00 4.428740883437071174e-01
-2.284923828904569021e+00 7.006885912230553792e-01
-1.469989046236285235e+00 8.884342349800979921e-01
-5.080553589443730367e-01 9.873364552391308280e-01
5.046838642419764209e-01 9.875050299742506033e-01
1.466954701004128170e+00 8.889231017119453293e-01
2.282530067665867080e+00 7.014488632784455779e-01
2.869852427561019326e+00 4.438297385171012799e-01
3.170189544700069639e+00 1.418276399040468150e-01
3.153507707369112900e+00 -1.743572226994123398e-01
2.821475099301244960e+00 -4.731063630329302439e-01
2.207294981303252523e+00 -7.245448670631551291e-01
1.372385365174934702e+00 -9.035288843870645792e-01
4.002372125291233651e-01 -9.921600132722675491e-01
-6.119346613696003967e-01 -9.815751408302437753e-01
-1.562913069131364185e+00 -8.728327543051955795e-01
-2.357600169979991556e+00 -6.768070923496277702e-01
-2.916527253830619948e+00 -4.131007211590971284e-01
-3.183801612298186257e+00 -1.080842778526567571e-01
-3.132695809535933851e+00 2.077405932390492815e-01
-2.768320425820087749e+00 5.027914050068503782e-01
-2.127112999522232872e+00 7.475630762739664537e-01
-1.273194273272154842e+00 9.175784399136859282e-01
-2.919561196948611270e-01 9.958359595620367433e-01
7.184776458519187559e-01 9.745098832541839728e-01
1.657063646813506708e+00 8.557328186209127718e-01
2.429943283093744189e+00 6.513824721255502270e-01
2.959828591064606940e+00 3.818938784176326151e-01
3.193731039929009086e+00 7.421589686795179719e-02
3.108260384800510590e+00 -2.408836743685242032e-01
2.711963691191960901e+00 -5.318948781681478444e-01
2.044470628464214901e+00 -7.697165941509566123e-01
1.172530502890047455e+00 -9.305666507186697300e-01
1.833373270268753297e-01 -9.983600422145159081e-01
-8.241895815389842506e-01 -9.663174294889103066e-01
-1.749297531950945395e+00 -8.376430738144137189e-01
-2.499475729167811799e+00 -6.252044107584757704e-01
-2.999706353467896935e+00 -3.502453066266902892e-01
-3.199966342421192600e+00 -4.026167183223580692e-02
-3.080229697132368827e+00 2.737481301454423033e-01
-2.652470082130307993e+00 5.603831191085761887e-01
-1.959463458915216449e+00 7.909797961608523442e-01
-1.070510489808603305e+00 9.424784935970432764e-01
-7.450647172112989658e-02 9.997293416735298921e-01
9.289481935384564792e-01 9.570072555826635297e-01
1.839508039444197163e+00 8.185844439335308032e-01
2.566117081405518086e+00 5.983031878910449741e-01
3.036114415226287111e+00 3.181916130594546477e-01
3.202500307524427381e+00 6.260876921918900884e-03
3.048636169070125135e+00 -3.062959469078087027e-01
2.589908413708810198e+00 -5.882231760467554471e-01
1.872189816976614241e+00 -8.113280875810267023e-01
9.672522385467567929e-01 -9.533001903571952651e-01
-3.441056373777628963e-02 -9.999422740976442459e-01
-1.032632309648531699e+00 -9.465901304283288464e-01
-1.927590824594433982e+00 -7.985789737161805846e-01
-2.629790257080892868e+00 -5.707099196324142421e-01
-3.069010663859262245e+00 -2.857698735854065086e-01
-3.201330004251705663e+00 2.774715982014189231e-02
-3.013516344218978293e+00 3.384894772436760624e-01
-2.524351049764353316e+00 6.153828469428426207e-01
-1.782750650333293052e+00 8.307379319477249391e-01
-8.628751858689034382e-01 9.630192237578347747e-01
1.432877971823764973e-01 9.989985931921611106e-01
1.135122000515418783e+00 9.350781033072713688e-01
2.013444003796919013e+00 7.776498030916545456e-01
2.690421606698727430e+00 5.424565225668722679e-01
3.098357048930663105e+00 2.530175897854027300e-01
3.196456786269532557e+00 -6.172310197460706416e-02
2.974910844981448754e+00 -3.702914835371561297e-01
2.455873819195220076e+00 -6.418307167459895712e-01
1.691249411489469612e+00 -8.491868782802241000e-01
7.575000626347719868e-01 -9.716243519864362632e-01
-2.519992924834028036e-01 -9.968993904940046669e-01
-1.236298718353237458e+00 -9.224844899521726926e-01
-2.096968272387748300e+00 -7.558211404151233825e-01
-2.747940999183484223e+00 -5.135756768365616898e-01
-3.124119626060871902e+00 -2.199726455743438447e-01
-3.187886290332172301e+00 9.562765024530839320e-02
-2.932864325570255115e+00 4.016651810404298084e-01
-2.384555928251312462e+00 6.675361937315081873e-01
-1.597791938107238519e+00 8.666535870494357363e-01
-6.512487541524408785e-01 9.791056216624196562e-01
3.604193052176009049e-01 9.936470941091617437e-01
1.336045434065882720e+00 9.088238571449875902e-01
2.178067019507576418e+00 7.331182344663146333e-01
2.802281902998512209e+00 4.841007883410101686e-01
3.146268596189596867e+00 1.866732633816046982e-01
3.175628429761721883e+00 -1.294215879159612559e-01
2.887425420357674355e+00 -4.325742804219310789e-01
2.310479868917859392e+00 -6.924695448857076663e-01
1.502486330586258800e+00 -8.831178548609135426e-01
5.442441591960323066e-01 -9.854543793500281090e-01
-4.684224281137974177e-01 -9.892454659041398646e-01
-1.434246772612247423e+00 -8.941120058678376781e-01
-2.256646439849472774e+00 -7.095673452447517349e-01
-2.853381463101750892e+00 -4.540659500971905294e-01
-3.164778340043853611e+00 -1.531579599399102432e-01
-3.159697382981571323e+00 1.630658262113610368e-01
-2.838646687621131814e+00 4.629830297414961882e-01
-2.233731323498579169e+00 7.166019302974817595e-01
-1.405442827026168295e+00 8.985606378237191993e-01
-4.366100478511406591e-01 9.906632815675846526e-01
5.758837361090011209e-01 9.836995971546916850e-01
1.530789146458242822e+00 8.783659530263294712e-01
2.332615642161660396e+00 6.851957135953343769e-01
2.901180573648911576e+00 4.235059028048058227e-01
3.179627447771271598e+00 1.194655017337966640e-01
3.140111577116504904e+00 -1.965214495105921666e-01
2.786584548750087542e+00 -4.928562558039217834e-01
2.154399065508661337e+00 -7.399054365168592495e-01
1.306773675716369043e+00 -9.129640735781107130e-01
3.284709183524399112e-01 -9.947263032815510941e-01
-6.826789308467331452e-01 -9.770159026568363547e-01
-1.625560886961232798e+00 -8.616039117664380242e-01
-2.405886754379609194e+00 -6.600315296993959358e-01
-2.945623946360024448e+00 -3.924559946624142093e-01
-3.190798743704437612e+00 -8.563486015919108407e-02
-3.116893666678406838e+00 2.297497603599511495e-01
-2.731299222984535202e+00 5.221594048430983070e-01
-2.072574856992210002e+00 7.623531088419356339e-01
-1.206593005300663712e+00 9.263115019565794084e-01
-2.199518530790510740e-01 9.976387448755651421e-01
7.886844844504666829e-01 9.692021133069944616e-01
1.718452373534937738e+00 8.438452704077242794e-01
2.476375025265915131e+00 6.341039004676816138e-01
2.986660174470300966e+00 3.609521404808707645e-01
3.198279306227656882e+00 5.170516644597286660e-02
3.090070507362246754e+00 -2.627123242335223097e-01
2.672854657760612263e+00 -5.508585824896652383e-01
1.988353342382916278e+00 -7.839189824968416653e-01
1.105016692766928710e+00 -9.385874842543339147e-01
1.111783738742483374e-01 -9.993972375863927615e-01
-8.937777824058569243e-01 -9.602672671598123655e-01
-1.809356160445376283e+00 -8.251105700172506330e-01
-2.543998922440358079e+00 -6.074428158729638927e-01
-3.024241792191304068e+00 -3.290307801413807631e-01
-3.202060482723119605e+00 -1.771566639565955170e-02
-3.059673124982623005e+00 2.953710139896276177e-01
-2.611318454743864148e+00 5.789205929759519975e-01
-1.901831939030719010e+00 8.045781126646811554e-01
-1.002162229414501837e+00 9.497778210869423088e-01
-2.276296856834392202e-03 9.999997474005091203e-01
9.978372653865164033e-01 9.502216989740249753e-01
1.898167101091215558e+00 8.054214806501384105e-01
2.608680226686793446e+00 5.800791142612380380e-01
3.058325329613691856e+00 2.967288364462137285e-01
3.202137899579220903e+00 -1.629432501343192063e-02
3.025736679586827904e+00 -3.276880539717343943e-01
2.546761791635752115e+00 -6.063129775328633952e-01
1.813110724521101114e+00 -8.243066033407060456e-01
8.981485849543400235e-01 -9.598695688144780469e-01
-1.066284131078549802e-01 -9.994455774068022880e-01
-1.100742569859264552e+00 -9.390770282584463002e-01
-1.984782469624747581e+00 -7.848007762842456048e-01
-2.670344122427755984e+00 -5.520444466816203377e-01
-3.088871362987988256e+00 -2.640836724108330813e-01
-3.198511467249422147e+00 5.028546910103745549e-02
-2.988300424785913734e+00 3.596260637028042551e-01
-2.479259339843813859e+00 6.330040519342906569e-01
-1.722292320917332642e+00 8.430816349723480041e-01
-7.930960698991179614e-01 9.688510545131705509e-01
2.154097881090085709e-01 9.977353686026760871e-01
1.202374667306234102e+00 9.268461458319139368e-01
2.069102079772836333e+00 7.632723084779604594e-01
2.728919284262155021e+00 5.233712402762109583e-01
3.115844560325258250e+00 2.311330480468403170e-01
3.191185380355835655e+00 -8.421844898721439487e-02
2.947407662350829405e+00 -3.911481011225476645e-01
2.408889178110740215e+00 -6.589629431456262010e-01
1.629481776059577003e+00 -8.608814908541420063e-01
6.871261964024562019e-01 -9.767118894772436333e-01
-3.239420028949102637e-01 -9.948710991526209524e-01
-1.302616001902785703e+00 -9.135431989127361652e-01
-2.151028400720382372e+00 -7.408609787815777503e-01
-2.784337959465941204e+00 -4.940926607722615493e-01
-3.139213722264905471e+00 -1.979150766857191990e-01
-3.180168112837379546e+00 1.180540150693950852e-01
-2.903105692126115578e+00 4.222177053175698580e-01
-2.335732702202240052e+00 6.841596250339876395e-01
-1.534786442058140299e+00 8.776855822470066570e-01
-5.803615377082266269e-01 9.834429812353250311e-01
4.320995204125096523e-01 9.908560821001107799e-01
1.401350626491995044e+00 8.991835747548855284e-01
2.230466669922281042e+00 7.175927099341716797e-01
2.836536046360338403e+00 4.642425741200406630e-01
3.158951818162361924e+00 1.644681808939056356e-01
3.165472408148149341e+00 -1.517530304216199444e-01
2.855445757319122091e+00 -4.527989386949835549e-01
2.259874530758182232e+00 -7.085649530988487044e-01
1.438315851121424460e+00 -8.934744721928289390e-01
4.729255863725243536e-01 -9.890365440675262798e-01
-5.397572370136280995e-01 -9.856949615354710925e-01
-1.498464336698417831e+00 -8.837838828498688626e-01
-2.307325002713366047e+00 -6.934944158792797353e-01
-2.885453168456977302e+00 -4.338555073207626123e-01
-3.175036017354891271e+00 -1.308310480301691781e-01
-3.147115264517315936e+00 1.852765160634411989e-01
-2.804482985228009095e+00 4.828564285507074283e-01
-2.181402407415901301e+00 7.321506981829030147e-01
-1.340181588862203288e+00 9.082298979968083108e-01
-3.649426114222847906e-01 9.934861080110327647e-01
6.467906271598621304e-01 9.793937072241538644e-01
1.593844803026022827e+00 8.673619357148596443e-01
2.381514498589581308e+00 6.685939706340794375e-01
2.931032744294181924e+00 4.029666084898912981e-01
3.187447715569364348e+00 9.704258549671396228e-02
3.125117915287610071e+00 -2.185856960461347864e-01
2.750276323477094831e+00 -5.123554079843700704e-01
2.100407099318870152e+00 -7.548895791241683195e-01
1.240497165228758192e+00 -9.219347923515497367e-01
2.565375146157705677e-01 -9.967865263437761802e-01
-7.530758874587940577e-01 -9.719596077016249280e-01
-1.687381700787479399e+00 -8.499367282893112163e-01
-2.452949344037416601e+00 -6.429201760480663941e-01
-2.973222052883611966e+00 -3.716116062020149435e-01
-3.196172556441446488e+00 -6.314187573576199308e-02
-3.099505804355136007e+00 2.516420423040671706e-01
-2.692888471833311925e+00 5.412617561134895894e-01
-2.016982292128156828e+00 7.767552943115630937e-01
-1.139377883210185960e+00 9.345733030784802997e-01
-1.478356859711963400e-01 9.989339815375494203e-01
8.584900798649129916e-01 9.634012618428636765e-01
1.778966837714531124e+00 8.315284159638914874e-01
2.521546911792696299e+00 6.165027284885301606e-01
3.011972294691591667e+00 3.398267681643157845e-01
3.201200448121327646e+00 2.916813102366980215e-02
3.070308556738931216e+00 -2.844073192193431465e-01
2.632385809682641575e+00 -5.695420375404218749e-01
1.931224481658087466e+00 -7.977225521074583492e-01
1.036940705467724655e+00 -9.461308114637488886e-01
3.896285873058957794e-02 -9.999259896736645281e-01
-9.629112738796045123e-01 -9.537285689162138258e-01
-1.868494279101838185e+00 -8.121582912671416743e-01
-2.587227856413887750e+00 -5.893721844913554220e-01
-3.047238648084548807e+00 -3.076488592664335942e-01
-3.202525574946754716e+00 4.839351885131626396e-03
-3.037559944314285332e+00 3.168436278481836510e-01
-2.568838319250387414e+00 5.971635410264173327e-01
-1.843232862261450666e+00 8.177671001020092589e-01
-9.333041190463688963e-01 9.565939491674002593e-01
6.995503607334985219e-02 9.997614033160512337e-01
1.066218687585733571e+00 9.429527171330970292e-01
1.955860470339543911e+00 7.918487592368331773e-01
2.649916206059399926e+00 5.615599254168860410e-01
3.078980321173315993e+00 2.751150990552502229e-01
3.200146404169900372e+00 -3.884123721191062861e-02
3.001297846749494624e+00 -3.489134497578804117e-01
2.502319504654139326e+00 -6.240943173280621981e-01
1.753109212093370228e+00 -8.368657531654377646e-01
8.285879983232639079e-01 -9.659506136862695547e-01
-1.787920152791687700e-01 -9.984404128384742894e-01
-1.168292827353684782e+00 -9.310861707068316395e-01
-2.040964356692832382e+00 -7.706233115045058035e-01
-2.709539450362696833e+00 -5.330981211517293872e-01
-3.107160598996291156e+00 -2.422631186837799766e-01
-3.194065687730256453e+00 7.279819565254741498e-02
-2.961564207691196327e+00 3.805796904236200540e-01
-2.432906306883016345e+00 6.503032161523306653e-01
-1.660957775386534774e+00 8.549964202658082435e-01
-7.229134663513997472e-01 9.741899823527050417e-01
2.874221893188751986e-01 9.959645462043311692e-01
1.269015626057262480e+00 9.181426554355243130e-01
2.123707500189923714e+00 7.485064991231650255e-01
2.766028624303592309e+00 5.040196928984892466e-01
3.131746885986901763e+00 2.091309173839645263e-01
3.184290459071521084e+00 -1.066709498689566438e-01
2.918404986248988475e+00 -4.118057221349821218e-01
2.360679014801557063e+00 -6.757599221875093543e-01
1.566885141873969989e+00 -8.721381300212857068e-01
6.164027547589857603e-01 -9.813025248529335665e-01
-3.957199078318970331e-01 -9.923366671992879251e-01
-1.368270579639589979e+00 -9.041371428257135578e-01
-2.203994193483324260e+00 -7.255239041695678015e-01
-2.819318387978725582e+00 -4.743582750964652206e-01
-3.152710743676254701e+00 -1.757568185137161620e-01
-3.170832025006157906e+00 1.404203199204044905e-01
-2.871870103835445498e+00 4.425554263624846829e-01
-2.285721172281188540e+00 7.004349901683164514e-01
-1.471000123498812595e+00 8.882710549573166192e-01
-5.091790623665553017e-01 9.872800142505850918e-01
5.035599050023575884e-01 9.875609721187950107e-01
1.465942881871034720e+00 8.890858327751254286e-01
2.281731570552608446e+00 7.017021101539433481e-01
2.869347102178921638e+00 4.441481765173668772e-01
3.170027923587342311e+00 1.421794252290536631e-01
3.153705952637028798e+00 -1.740072685821649201e-01
2.822013386423012360e+00 -4.727932355351670002e-01
2.208119481566694908e+00 -7.242998789346524191e-01
1.373413628553707744e+00 -9.033765344406725628e-01
4.013664126853497827e-01 -9.921155365026254058e-01
-6.108174444515430679e-01 -9.816429849143156749e-01
-1.561919557143281567e+00 -8.730061348345744543e-01
-2.356829714120691754e+00 -6.770686712713758215e-01
-2.916056899686032988e+00 -4.134243405810396066e-01
-3.183678395282770968e+00 -1.084375758325994143e-01
-3.132932051351231983e+00 2.073929464991007554e-01
-2.768892502284569623e+00 5.024841741808908635e-01
-2.127963702989450034e+00 7.473269844445918908e-01
-1.274238533395385620e+00 9.174370962638337401e-01
-2.930895104617825542e-01 9.958034984566921377e-01
7.173684635179986557e-01 9.745895508038813215e-01
1.656089591145980089e+00 8.559166480706824620e-01
2.429201759659363802e+00 6.516520805304153452e-01
2.959393752206811001e+00 3.822223049371066272e-01
3.193646369533577278e+00 7.457029885008720216e-02
3.108534349906985739e+00 -2.405387371219409876e-01
2.712568895289695359e+00 -5.315938993817750369e-01
2.045346551143435665e+00 -7.694896717034316325e-01
1.173589551882832094e+00 -9.304364768547450648e-01
1.844735974339454243e-01 -9.983396343205839241e-01
-8.230897167583358653e-01 -9.664088283543644797e-01
-1.748344059274783646e+00 -8.378371395527084431e-01
-2.498763995863752641e+00 -6.254817367957815621e-01
-2.999307532866346548e+00 -3.505781603592765805e-01
-3.199920316582305801e+00 -4.061676788684395745e-02
-3.080541068640034297e+00 2.734063013742730752e-01
-2.653107713833759540e+00 5.600887404979627560e-01
-1.960363587644108785e+00 7.907623055718562277e-01
-1.071583102690047085e+00 9.423596400885640989e-01
-7.564430746698058705e-02 9.997210105964154936e-01
9.278589185027839026e-01 9.571102800446252834e-01
1.838576252622269980e+00 8.187885214883725560e-01
2.565435961479528792e+00 5.985879107832825508e-01
3.035752074188835081e+00 3.185285089998642905e-01
3.202492979479257595e+00 6.616256316459623310e-03
3.048984586821754217e+00 -3.059576219985910006e-01
2.590577735482075372e+00 -5.879357381137825245e-01
1.873113110594188946e+00 -8.111202804175957626e-01
9.683371746468837360e-01 -9.531927946796494577e-01
-3.327247876510985858e-02 -9.999460294737381183e-01
-1.031554884300592612e+00 -9.467046613204530559e-01
-1.926681801406016081e+00 -7.987928270351226656e-01
-2.629140538370838165e+00 -5.710017100462799755e-01
-3.068685221498576254e+00 -2.861104220528092323e-01
-3.201361382476456630e+00 2.739190814594244516e-02
-3.013901405206691475e+00 3.381550475300998393e-01
-2.525051287416256951e+00 6.151026821612473050e-01
-1.783696040884196865e+00 8.305400485762700624e-01
-8.639711902637169372e-01 9.629234101336657803e-01
1.421507793831345845e-01 9.990144306776947980e-01
1.134057671091672770e+00 9.352040081539544358e-01
2.012558795691043567e+00 7.778731848148185968e-01
2.689804040721309963e+00 5.427550429942008536e-01
3.098068881679445497e+00 2.533613968741630362e-01
3.196526834469636036e+00 -6.136838893329105149e-02
2.975332103812863060e+00 -3.699613358474160285e-01
2.456604162774803868e+00 -6.415581491767994304e-01
1.692215805459264200e+00 -8.489991475885029226e-01
7.586058675977980226e-01 -9.715402312413561337e-01
-2.508646570234480677e-01 -9.969272917700736647e-01
-1.235248715942349307e+00 -9.226216231217837516e-01
-2.096107903267015793e+00 -7.560537921613155188e-01
-2.747356300264980788e+00 -5.138805819847157563e-01
-3.123869067236447528e+00 -2.203193136096443516e-01
-3.187994927484269603e+00 9.527388612639153820e-02
-2.933321294983664451e+00 4.013396972497882409e-01
-2.385315532984693121e+00 6.672715386482060973e-01
-1.598778217687252479e+00 8.664762261818034217e-01
-6.523630806210863886e-01 9.790332910972203706e-01
3.592883645071883736e-01 9.936870269029153269e-01
1.335010973184744376e+00 9.089720600183186505e-01
2.177232484543825564e+00 7.333598871318901535e-01
2.801730747448524461e+00 4.844117255322726301e-01
3.146055935608370824e+00 1.870223913794278048e-01
3.175775530207380015e+00 -1.290691819113597705e-01
2.887917571785651116e+00 -4.322538370110113881e-01
2.311267856185357239e+00 -6.922131084095618503e-01
1.503491354966527638e+00 -8.829510689671561385e-01
5.453657182510450729e-01 -9.853939226280348240e-01
-4.672964902895418993e-01 -9.892973840261098939e-01
-1.433229049801174604e+00 -8.942711070215740854e-01
-2.255838704332689737e+00 -7.098177193148809128e-01
-2.852864488430935985e+00 -4.543825596766996600e-01
-3.164603823686088724e+00 -1.535091440708483967e-01
-3.159882776572632501e+00 1.627151859420876978e-01
-2.839173451801912940e+00 4.626679973608149865e-01
-2.234546781851002528e+00 7.163540090434608043e-01
-1.406465433714991553e+00 8.984046198217605639e-01
-4.377375422074814004e-01 9.906147686178842227e-01
5.747641035207768923e-01 9.837634405522194259e-01
1.529789338896957451e+00 8.785357684313326310e-01
2.331835640383442154e+00 6.854545194673126174e-01
2.900698377831582686e+00 4.238278185565613754e-01
3.179491277496564905e+00 1.198183357901539681e-01
3.140335049411890456e+00 -1.961729805552688277e-01
2.787145316386026916e+00 -4.925469988451647296e-01
2.155241051721560552e+00 -7.396663172505442141e-01
1.307812681884938266e+00 -9.128190039308692327e-01
3.296030438598220869e-01 -9.946897902181073281e-01
-6.815668985512763900e-01 -9.770915974835346907e-01
-1.624580151107247294e+00 -8.617842450006085731e-01
-2.405135388552493758e+00 -6.602984680176215981e-01
-2.945177087142490713e+00 -3.927828442328724079e-01
-3.190701077018238685e+00 -8.598893602483592691e-02
-3.117154959192162789e+00 2.294038657856841690e-01
-2.731893345446870569e+00 5.218562810176359257e-01
-2.073442397156891381e+00 7.621230681478239344e-01
-1.207647209151222922e+00 9.261775484632296385e-01
-2.210873002304321044e-01 9.976142739323123898e-01
7.875813387134018573e-01 9.692895720081639022e-01
1.717491843785895700e+00 8.440359128831990132e-01
2.475653164479799884e+00 6.343786624699141452e-01
2.986249168725723990e+00 3.612835458096378960e-01
3.198220256099075787e+00 5.206007456839789604e-02
3.090369317862519782e+00 -2.623694041296819046e-01
2.673481447839711755e+00 -5.505619424147935037e-01
1.989245433032932553e+00 -7.836982864584257635e-01
1.106084874922860006e+00 -9.384648018562153915e-01
1.123158293205016589e-01 -9.993848370683834359e-01
-8.926847992139067545e-01 -9.603663885737130368e-01
-1.808416947826924304e+00 -8.253113012216714006e-01
-2.543307401657249223e+00 -6.077250837474627021e-01
-3.023867115321849486e+00 -3.293663578985077667e-01
-3.202040117454264756e+00 -1.807099625970201573e-02
-3.060009107841253684e+00 2.950314650050739340e-01
-2.611977187444117110e+00 5.786307797693425181e-01
-1.902747548302568870e+00 8.043670165566767505e-01
-1.003243154330763609e+00 9.496665516883434632e-01
-3.414444925881943149e-03 9.999994316511757741e-01
9.967557089715879393e-01 9.503323684488904632e-01
1.897250291971898983e+00 8.056320684017160838e-01
2.608019845775020329e+00 5.803685615143701071e-01
3.057987415000639420e+00 2.970681984755870753e-01
3.202156242726194701e+00 -1.593898441075466965e-02
3.026109446179130469e+00 -3.273522688560209781e-01
2.547451705014152967e+00 -6.060303264156852165e-01
1.814048793347760036e+00 -8.241053513337809333e-01
8.992410023465911006e-01 -9.597698411184985012e-01
-1.054908888892369667e-01 -9.994573467913662190e-01
-1.099673691236141337e+00 -9.391991177850973482e-01
-1.983889124459431663e+00 -7.850209770003186982e-01
-2.669715645236778734e+00 -5.523407385155081339e-01
-3.088570601490447931e+00 -2.644264261791468007e-01
-3.198568497595072557e+00 4.993052877512924037e-02
-2.988709543940189839e+00 3.592944308518923879e-01
-2.479979635891288225e+00 6.327288898434662023e-01
-1.723251764253257656e+00 8.428904598506934409e-01
-7.941987161899013437e-01 9.687629838728514242e-01
2.142742034924451922e-01 9.977592095077242318e-01
1.201319702825547120e+00 9.269795141918245607e-01
2.068233231876094536e+00 7.635018674567424224e-01
2.728323437739032187e+00 5.236740339759859975e-01
3.115581299828066530e+00 2.314787970976310005e-01
3.191281031934294354e+00 -8.386431949048706036e-02
2.947852660847092743e+00 -3.908210041295564485e-01
2.409639023675181679e+00 -6.586955883556702140e-01
1.630461484135752315e+00 -8.607006137462169804e-01
6.882377961827477186e-01 -9.766355777621419376e-01
-3.228096713885315605e-01 -9.949069840018527344e-01
-1.301576171820957750e+00 -9.136876918413783244e-01
-2.150185055071288431e+00 -7.410996304967660819e-01
-2.783775432814490358e+00 -4.944016061024771869e-01
-3.138988267276243249e+00 -1.982634210979404843e-01
-3.180302275010371549e+00 1.177011060163902778e-01
-2.903586055243462916e+00 4.218955225290820232e-01
-2.336511229952207724e+00 6.839003867888655552e-01
-1.535785281665731805e+00 8.775152123697624873e-01
-5.814808052126827498e-01 9.833785167136831484e-01
4.309717517616344917e-01 9.909039693862354836e-01
1.400327133559788217e+00 8.993390251201642815e-01
2.229649802001962833e+00 7.178401783420766957e-01
2.836007490243941387e+00 4.645573137297814847e-01
3.158764429461525580e+00 1.648187177445081253e-01
3.165644925732957304e+00 -1.514017500152160522e-01
2.855960929431093476e+00 -4.524820427734186357e-01
2.260680840186120033e+00 -7.083141312542793333e-01
1.439332666922534809e+00 -8.933148066097120754e-01
4.740512269666959932e-01 -9.889840013041736322e-01
-5.386353356858123442e-01 -9.857547958682176814e-01
-1.497458364769739259e+00 -8.839501108454400624e-01
-2.306535557376692580e+00 -6.937504147381184927e-01
-2.884959194245976466e+00 -4.341756771569850182e-01
-3.174886911690662394e+00 -1.311833718601530252e-01
-3.147325937966282350e+00 1.849272706226942342e-01
-2.805032370445274204e+00 4.825451860432721229e-01
-2.182235565879738104e+00 7.319085828595227605e-01
-1.341215204726228460e+00 9.080811213898211109e-01
-3.660733231000958821e-01 9.934455477811373614e-01
6.456758908360462623e-01 9.794654193943398424e-01
1.592857515688583803e+00 8.675387490681083502e-01
2.380753388972262741e+00 6.688582038350660008e-01
2.930573923358715582e+00 4.032918382185170514e-01
3.187337065409296954e+00 9.739628878011641344e-02
3.125366500918948631e+00 -2.182388895362958880e-01
2.750859286336705178e+00 -5.120501788990785563e-01
2.101266143120791519e+00 -7.546564503719535022e-01
1.241546385592798396e+00 -9.217970768076330090e-01
2.576719895055255005e-01 -9.967579955625491817e-01
-7.519696055322999673e-01 -9.720431147612105249e-01
-1.686414240016895549e+00 -8.501239224837507935e-01
-2.452217450499801554e+00 -6.431923379579158606e-01
-2.972798915932727049e+00 -3.719415196362893528e-01
-3.196100489772379927e+00 -6.349654935103399289e-02
-3.099792014634795034e+00 2.512980758693247330e-01
-2.693504338033730683e+00 5.409628935027510632e-01
-2.017866227629292908e+00 7.765314217859021761e-01
-1.140441494461926109e+00 9.344468078904630826e-01
-1.489726118483667427e-01 9.989175132059776585e-01
8.573935319500292085e-01 9.634964672008945463e-01
1.778020322553422350e+00 8.317257744757220461e-01
2.520845080901473523e+00 6.167825043029773191e-01
3.011585331159376988e+00 3.401609836999347491e-01
3.201167048301342799e+00 2.952336472689873204e-02
3.070632060613174286e+00 -2.840665907188271166e-01
2.633033866863688566e+00 -5.692498870926703258e-01
1.932132286427833856e+00 -7.975081947572464358e-01
1.038017477349195694e+00 -9.460156829460979466e-01
4.010092053563796277e-02 -9.999216028403395962e-01
-9.618257283314834982e-01 -9.538353624505473416e-01
-1.867569804365456720e+00 -8.123655858157003973e-01
-2.586556899962884515e+00 -5.896592505992833688e-01
-3.046888305564023902e+00 -3.079869903229379702e-01
-3.202530880608760455e+00 4.483968985701247689e-03
-3.037920367592620963e+00 3.165065313957703408e-01
-2.569517817817219552e+00 5.968784406662623887e-01
-1.844163486260096185e+00 8.175625058701281311e-01
-9.343928060769632893e-01 9.564903204869810160e-01
6.881715471386584682e-02 9.997691030551358882e-01
1.065145400033308487e+00 9.430709753177771715e-01
1.954959105349420190e+00 7.920657500486406599e-01
2.649276900130590029e+00 5.618539497746400935e-01
3.078667004898700377e+00 2.754567545231755288e-01
3.200190409176940864e+00 -3.848611618060657213e-02
3.001694772537487399e+00 -3.485803752663280131e-01
2.503029658644285060e+00 -6.238165968254166804e-01
1.754061578886654260e+00 -8.366711587019636243e-01
8.296873412403579229e-01 -9.658586047083141946e-01
-1.776556305299742400e-01 -9.984601902438334786e-01
-1.167233039247308923e+00 -9.312157567549693704e-01
-2.040087144039913092e+00 -7.708497475906083141e-01
-2.708932534428525774e+00 -5.333987636671864152e-01
-3.106884671374285922e+00 -2.426079033770458526e-01
-3.194148341182617479e+00 7.244374725079932853e-02
-2.961997176872687376e+00 3.802510231535646268e-01
-2.433646294875488447e+00 6.500331967409734846e-01
-1.661930783390740629e+00 8.548120506542850050e-01
-7.240221935669185482e-01 9.741096995021679694e-01
2.862886156135954208e-01 9.959963783998342368e-01
1.267970563232749814e+00 9.182834194575170139e-01
2.122855454528629338e+00 7.487421185694480563e-01
2.765454800371645927e+00 5.043266058244342265e-01
3.131508666177497791e+00 2.094784324969770073e-01
3.184411665365599831e+00 -1.063175840801779126e-01
2.918873498017141799e+00 -4.114818422493150551e-01
2.361447980866969498e+00 -6.754979161935206200e-01
1.567877665630100337e+00 -8.719641985183741451e-01
6.175195838302212081e-01 -9.812340609913902112e-01
-3.945904563526800857e-01 -9.923805173652673339e-01
-1.367241450900313460e+00 -9.042889220026176789e-01
-2.203168300357915221e+00 -7.257684344397061782e-01
-2.818778319779725372e+00 -4.746711034328240930e-01
-3.152510507223563074e+00 -1.761066620826596540e-01
-3.170991643945044736e+00 1.400684454757707420e-01
-2.872373616272021923e+00 4.422367084866241083e-01
-2.286518226971796963e+00 7.001813006488150082e-01
-1.472011014974392129e+00 8.881077627461244628e-01
-5.103027014795480376e-01 9.872234485688214933e-01
5.024358821632508576e-01 9.876167895346363856e-01
1.464930877589724734e+00 8.892484515469876172e-01
2.280932785257226314e+00 7.019552684046400648e-01
2.868841414399005085e+00 4.444665584218284726e-01
3.169865902100883481e+00 1.425311925968339999e-01
3.153903799592673529e+00 -1.736572924878438673e-01
2.822551317125196135e+00 -4.724800483237373561e-01
2.208943702945199039e+00 -7.240547993272571370e-01
1.374441718470682083e+00 -9.032240703980511931e-01
4.024955621490967639e-01 -9.920709344290401521e-01
-6.097001503873983319e-01 -9.817107050171252070e-01
-1.560925847885153761e+00 -8.731794051034975634e-01
-2.356058960594393348e+00 -6.773301646795201192e-01
-2.915586177244193777e+00 -4.137479077875907407e-01
-3.183554776169574829e+00 -1.087908601169023104e-01
-3.133167897477998398e+00 2.070452735654763621e-01
-2.769464229038621994e+00 5.021768798913074372e-01
-2.128814137695383302e+00 7.470907982280077242e-01
-1.275282632582606546e+00 9.172956367419071722e-01
-2.942228642115690684e-01 9.957709115816159029e-01
7.162591905806253711e-01 9.746690952631631433e-01
1.655115326314757329e+00 8.561003694183939583e-01
2.428459929417413399e+00 6.519216066317854441e-01
2.958958539578328217e+00 3.825506831819983633e-01
3.193561295781410347e+00 7.492469141401139621e-02
3.108807922406351398e+00 -2.401937694953767133e-01
2.713173756790657087e+00 -5.312928534552271431e-01
2.046222215495896890e+00 -7.692626520695547976e-01
1.174648452651547270e+00 -9.303061854769270056e-01
1.856098445420428789e-01 -9.983191003366065353e-01
